Time,TemperatureF,DewpointF,PressureIn,WindDirection,WindDirectionDegrees,WindSpeedMPH,WindSpeedGustMPH,Humidity,HourlyPrecipIn,Conditions,Clouds,dailyrainin,SolarRadiationWatts/m^2,SoftwareType,DateUTC
2010-11-22 00:02:00,45.8,42.6,30.14,West,260,0.3,2.0,89,0.00,,,0.00,10.524,WeatherBaga 2.3.1,2010-11-22 08:02:00,
2010-11-22 00:03:00,45.8,42.6,30.14,SSW,199,1.0,1.4,89,0.00,,,0.00,11.279,WeatherBaga 2.3.1,2010-11-22 08:03:00,
2010-11-22 00:08:00,45.5,42.4,30.15,NNE,28,0.6,1.5,89,0.00,,,0.00,11.213,WeatherBaga 2.3.1,2010-11-22 08:08:00,
2010-11-22 00:09:00,45.5,42.3,30.15,North,353,0.9,1.6,88,0.00,,,0.00,11.118,WeatherBaga 2.3.1,2010-11-22 08:09:00,
2010-11-22 00:13:00,45.5,42.4,30.15,ENE,75,0.4,1.6,89,0.00,,,0.00,11.164,WeatherBaga 2.3.1,2010-11-22 08:13:00,
2010-11-22 00:14:00,45.5,42.5,30.15,North,8,0.6,1.6,89,0.00,,,0.00,10.900,WeatherBaga 2.3.1,2010-11-22 08:14:00,
2010-11-22 00:15:00,45.5,42.5,30.14,SE,136,1.1,1.6,89,0.00,,,0.00,11.161,WeatherBaga 2.3.1,2010-11-22 08:15:00,
2010-11-22 00:18:00,45.5,42.4,30.14,South,174,0.4,1.8,89,0.00,,,0.00,11.055,WeatherBaga 2.3.1,2010-11-22 08:18:00,
2010-11-22 00:19:00,45.5,42.4,30.14,SSW,200,0.7,1.8,89,0.00,,,0.00,11.154,WeatherBaga 2.3.1,2010-11-22 08:19:00,
2010-11-22 00:20:00,45.5,42.4,30.14,WNW,284,1.3,2.7,89,0.00,,,0.00,11.190,WeatherBaga 2.3.1,2010-11-22 08:20:00,
2010-11-22 00:21:00,45.6,42.5,30.14,WNW,296,0.8,2.7,89,0.00,,,0.00,10.903,WeatherBaga 2.3.1,2010-11-22 08:21:00,
2010-11-22 00:24:00,45.6,42.4,30.15,NW,326,0.3,3.6,89,0.00,,,0.00,11.042,WeatherBaga 2.3.1,2010-11-22 08:24:00,
2010-11-22 00:25:00,45.6,42.4,30.15,North,350,0.7,3.6,88,0.00,,,0.00,11.062,WeatherBaga 2.3.1,2010-11-22 08:25:00,
2010-11-22 00:26:00,45.6,42.4,30.15,SW,219,0.1,3.6,88,0.00,,,0.00,11.052,WeatherBaga 2.3.1,2010-11-22 08:26:00,
2010-11-22 00:29:00,45.5,42.4,30.15,West,262,0.2,3.6,89,0.00,,,0.00,10.999,WeatherBaga 2.3.1,2010-11-22 08:29:00,
2010-11-22 00:31:00,45.5,42.4,30.15,NW,318,0.6,3.6,89,0.00,,,0.00,11.022,WeatherBaga 2.3.1,2010-11-22 08:31:00,
2010-11-22 00:32:00,45.5,42.4,30.15,NNW,337,0.6,3.6,89,0.00,,,0.00,10.989,WeatherBaga 2.3.1,2010-11-22 08:32:00,
2010-11-22 00:34:00,45.3,42.2,30.15,South,191,1.2,1.3,89,0.00,,,0.00,11.029,WeatherBaga 2.3.1,2010-11-22 08:34:00,
2010-11-22 00:37:00,45.3,42.3,30.15,WSW,247,0.5,1.7,89,0.00,,,0.00,10.916,WeatherBaga 2.3.1,2010-11-22 08:37:00,
2010-11-22 00:40:00,45.1,42.2,30.15,South,189,0.8,1.7,90,0.00,,,0.00,10.966,WeatherBaga 2.3.1,2010-11-22 08:40:00,
2010-11-22 00:42:00,44.9,42.1,30.14,South,172,0.2,1.7,90,0.00,,,0.00,10.992,WeatherBaga 2.3.1,2010-11-22 08:42:00,
2010-11-22 00:45:00,44.9,42.2,30.15,North,351,0.3,1.6,90,0.00,,,0.00,10.847,WeatherBaga 2.3.1,2010-11-22 08:45:00,
2010-11-22 00:48:00,44.9,42.2,30.14,SSW,203,1.0,1.6,90,0.00,,,0.00,10.821,WeatherBaga 2.3.1,2010-11-22 08:48:00,
2010-11-22 00:50:00,44.9,42.3,30.14,SSW,209,1.3,2.1,90,0.00,,,0.00,11.045,WeatherBaga 2.3.1,2010-11-22 08:50:00,
2010-11-22 00:53:00,45.1,42.4,30.14,WSW,255,0.3,2.1,90,0.00,,,0.00,11.118,WeatherBaga 2.3.1,2010-11-22 08:53:00,
2010-11-22 00:54:00,45.1,42.3,30.14,SSW,208,0.6,2.1,90,0.00,,,0.00,11.062,WeatherBaga 2.3.1,2010-11-22 08:54:00,
2010-11-22 00:58:00,45.3,42.3,30.14,SSW,210,1.0,3.1,89,0.00,,,0.00,11.104,WeatherBaga 2.3.1,2010-11-22 08:58:00,
2010-11-22 00:59:00,45.3,42.3,30.14,SSW,209,0.8,3.1,89,0.00,,,0.00,11.088,WeatherBaga 2.3.1,2010-11-22 08:59:00,
2010-11-22 01:03:00,45.5,42.1,30.14,NW,318,0.3,3.1,88,0.00,,,0.00,11.207,WeatherBaga 2.3.1,2010-11-22 09:03:00,
2010-11-22 01:04:00,45.5,42.1,30.14,NW,316,0.5,3.1,88,0.00,,,0.00,10.969,WeatherBaga 2.3.1,2010-11-22 09:04:00,
2010-11-22 01:08:00,45.5,41.7,30.14,West,280,1.2,3.8,86,0.00,,,0.00,11.223,WeatherBaga 2.3.1,2010-11-22 09:08:00,
2010-11-22 01:09:00,45.5,41.7,30.14,NW,309,1.5,3.8,86,0.00,,,0.00,11.048,WeatherBaga 2.3.1,2010-11-22 09:09:00,
2010-11-22 01:14:00,45.5,41.5,30.15,NE,41,0.3,3.8,86,0.00,,,0.00,11.035,WeatherBaga 2.3.1,2010-11-22 09:14:00,
2010-11-22 01:19:00,45.5,41.5,30.15,North,8,0.8,2.7,86,0.00,,,0.00,11.171,WeatherBaga 2.3.1,2010-11-22 09:19:00,
2010-11-22 01:20:00,45.5,41.4,30.15,NNE,16,0.9,2.7,85,0.00,,,0.00,11.052,WeatherBaga 2.3.1,2010-11-22 09:20:00,
2010-11-22 01:21:00,45.5,41.3,30.15,WSW,243,0.2,2.7,85,0.00,,,0.00,10.930,WeatherBaga 2.3.1,2010-11-22 09:21:00,
2010-11-22 01:24:00,45.5,41.2,30.15,ESE,104,0.9,1.7,85,0.00,,,0.00,11.081,WeatherBaga 2.3.1,2010-11-22 09:24:00,
2010-11-22 01:27:00,45.3,41.1,30.15,South,177,0.6,1.4,85,0.00,,,0.00,11.065,WeatherBaga 2.3.1,2010-11-22 09:27:00,
2010-11-22 01:29:00,45.3,41.3,30.15,SSW,206,0.6,1.4,86,0.00,,,0.00,11.065,WeatherBaga 2.3.1,2010-11-22 09:29:00,
2010-11-22 01:30:00,45.3,41.4,30.15,SSW,194,0.5,1.4,86,0.00,,,0.00,11.015,WeatherBaga 2.3.1,2010-11-22 09:30:00,
2010-11-22 01:33:00,45.3,41.1,30.15,South,184,0.2,1.8,85,0.00,,,0.00,11.104,WeatherBaga 2.3.1,2010-11-22 09:33:00,
2010-11-22 01:35:00,45.3,41.1,30.15,SSW,203,0.4,1.8,85,0.00,,,0.00,11.121,WeatherBaga 2.3.1,2010-11-22 09:35:00,
2010-11-22 01:40:00,45.1,41.2,30.15,South,170,0.7,1.8,86,0.00,,,0.00,10.992,WeatherBaga 2.3.1,2010-11-22 09:40:00,
2010-11-22 01:41:00,45.1,41.2,30.15,SSE,164,0.5,1.8,86,0.00,,,0.00,11.019,WeatherBaga 2.3.1,2010-11-22 09:41:00,
2010-11-22 01:45:00,45.1,41.8,30.15,ESE,108,0.5,1.7,88,0.00,,,0.00,11.055,WeatherBaga 2.3.1,2010-11-22 09:45:00,
2010-11-22 01:48:00,44.7,41.4,30.16,NE,35,1.0,2.0,88,0.00,,,0.00,11.045,WeatherBaga 2.3.1,2010-11-22 09:48:00,
2010-11-22 01:50:00,44.6,41.6,30.16,South,188,0.4,2.0,89,0.00,,,0.00,11.108,WeatherBaga 2.3.1,2010-11-22 09:50:00,
2010-11-22 01:51:00,44.4,41.4,30.16,East,80,0.7,2.0,89,0.00,,,0.00,11.137,WeatherBaga 2.3.1,2010-11-22 09:51:00,
2010-11-22 01:53:00,44.4,41.5,30.16,East,80,1.4,2.0,89,0.00,,,0.00,11.108,WeatherBaga 2.3.1,2010-11-22 09:53:00,
2010-11-22 01:54:00,44.4,41.4,30.16,ENE,59,0.6,2.0,89,0.00,,,0.00,10.784,WeatherBaga 2.3.1,2010-11-22 09:54:00,
2010-11-22 01:55:00,44.4,41.5,30.16,SE,126,0.4,2.0,89,0.00,,,0.00,11.078,WeatherBaga 2.3.1,2010-11-22 09:55:00,
2010-11-22 01:56:00,44.2,41.3,30.16,SE,134,0.5,2.0,89,0.00,,,0.00,11.072,WeatherBaga 2.3.1,2010-11-22 09:56:00,
2010-11-22 01:58:00,44.2,41.4,30.16,East,90,0.3,2.0,90,0.00,,,0.00,11.111,WeatherBaga 2.3.1,2010-11-22 09:58:00,
2010-11-22 02:02:00,44.0,41.3,30.16,East,92,0.7,1.9,90,0.00,,,0.00,11.213,WeatherBaga 2.3.1,2010-11-22 10:02:00,
2010-11-22 02:03:00,44.0,41.3,30.16,SSE,159,0.4,1.2,90,0.00,,,0.00,11.184,WeatherBaga 2.3.1,2010-11-22 10:03:00,
2010-11-22 02:08:00,43.7,41.2,30.16,SSE,153,0.3,1.0,91,0.00,,,0.00,11.062,WeatherBaga 2.3.1,2010-11-22 10:08:00,
2010-11-22 02:09:00,43.7,41.2,30.16,NNE,15,0.5,1.0,91,0.00,,,0.00,10.943,WeatherBaga 2.3.1,2010-11-22 10:09:00,
2010-11-22 02:13:00,43.5,41.2,30.16,SE,146,0.6,1.3,92,0.00,,,0.00,11.005,WeatherBaga 2.3.1,2010-11-22 10:13:00,
2010-11-22 02:14:00,43.5,41.2,30.16,SSE,161,0.6,1.3,92,0.00,,,0.00,10.973,WeatherBaga 2.3.1,2010-11-22 10:14:00,
2010-11-22 02:15:00,43.5,41.2,30.16,South,191,0.5,1.3,92,0.00,,,0.00,10.883,WeatherBaga 2.3.1,2010-11-22 10:15:00,
2010-11-22 02:19:00,43.3,41.1,30.16,NE,47,0.8,1.3,92,0.00,,,0.00,11.134,WeatherBaga 2.3.1,2010-11-22 10:19:00,
2010-11-22 02:20:00,43.3,41.2,30.16,East,80,0.8,1.3,92,0.00,,,0.00,11.095,WeatherBaga 2.3.1,2010-11-22 10:20:00,
2010-11-22 02:21:00,43.3,41.2,30.16,WNW,290,1.0,1.2,92,0.00,,,0.00,10.959,WeatherBaga 2.3.1,2010-11-22 10:21:00,
2010-11-22 02:24:00,43.3,41.2,30.15,East,100,0.5,1.4,92,0.00,,,0.00,11.035,WeatherBaga 2.3.1,2010-11-22 10:24:00,
2010-11-22 02:25:00,43.3,41.2,30.15,SSE,156,1.0,1.4,92,0.00,,,0.00,10.930,WeatherBaga 2.3.1,2010-11-22 10:25:00,
2010-11-22 02:29:00,43.3,41.2,30.15,SSW,195,1.2,1.6,92,0.00,,,0.00,10.916,WeatherBaga 2.3.1,2010-11-22 10:29:00,
2010-11-22 02:30:00,43.3,41.2,30.15,South,180,1.1,1.6,92,0.00,,,0.00,10.999,WeatherBaga 2.3.1,2010-11-22 10:30:00,
2010-11-22 02:35:00,43.3,41.3,30.15,WSW,244,1.3,1.6,92,0.00,,,0.00,11.035,WeatherBaga 2.3.1,2010-11-22 10:35:00,
2010-11-22 02:40:00,43.5,41.5,30.16,South,183,1.2,1.6,93,0.00,,,0.00,11.137,WeatherBaga 2.3.1,2010-11-22 10:40:00,
2010-11-22 02:45:00,43.5,41.5,30.16,SE,137,0.7,1.4,92,0.00,,,0.00,10.920,WeatherBaga 2.3.1,2010-11-22 10:45:00,
2010-11-22 02:46:00,43.3,41.3,30.16,SE,137,0.6,1.4,92,0.00,,,0.00,11.124,WeatherBaga 2.3.1,2010-11-22 10:46:00,
2010-11-22 02:47:00,43.3,41.3,30.16,West,263,0.2,1.4,92,0.00,,,0.00,11.058,WeatherBaga 2.3.1,2010-11-22 10:47:00,
2010-11-22 02:51:00,43.3,41.3,30.16,SW,221,0.7,1.2,93,0.00,,,0.00,11.065,WeatherBaga 2.3.1,2010-11-22 10:51:00,
2010-11-22 02:52:00,43.3,41.3,30.16,SSW,197,1.1,1.2,93,0.00,,,0.00,11.019,WeatherBaga 2.3.1,2010-11-22 10:52:00,
2010-11-22 02:56:00,43.5,41.6,30.16,SE,125,2.1,3.1,93,0.00,,,0.00,11.078,WeatherBaga 2.3.1,2010-11-22 10:56:00,
2010-11-22 02:58:00,43.7,41.8,30.16,SSE,165,1.5,3.8,93,0.00,,,0.00,11.032,WeatherBaga 2.3.1,2010-11-22 10:58:00,
2010-11-22 03:03:00,44.7,42.1,30.16,SE,146,2.6,3.8,91,0.00,,,0.00,11.124,WeatherBaga 2.3.1,2010-11-22 11:03:00,
2010-11-22 03:04:00,44.7,42.0,30.16,SE,141,3.2,3.8,90,0.00,,,0.00,10.976,WeatherBaga 2.3.1,2010-11-22 11:04:00,
2010-11-22 03:08:00,45.1,41.9,30.16,ESE,123,1.1,4.5,88,0.00,,,0.00,11.022,WeatherBaga 2.3.1,2010-11-22 11:08:00,
2010-11-22 03:09:00,45.3,42.1,30.16,SE,138,1.8,4.5,88,0.00,,,0.00,11.101,WeatherBaga 2.3.1,2010-11-22 11:09:00,
2010-11-22 03:14:00,45.5,42.1,30.17,West,270,1.4,4.5,88,0.00,,,0.00,11.144,WeatherBaga 2.3.1,2010-11-22 11:14:00,
2010-11-22 03:19:00,45.6,41.9,30.17,SSE,165,1.7,3.2,87,0.00,,,0.00,11.114,WeatherBaga 2.3.1,2010-11-22 11:19:00,
2010-11-22 03:20:00,45.6,41.8,30.16,SSE,153,3.3,3.4,87,0.00,,,0.00,11.108,WeatherBaga 2.3.1,2010-11-22 11:20:00,
2010-11-22 03:21:00,45.6,41.8,30.17,SSE,148,2.1,3.5,86,0.00,,,0.00,11.118,WeatherBaga 2.3.1,2010-11-22 11:21:00,
2010-11-22 03:24:00,45.8,41.9,30.16,SSE,150,2.3,3.5,86,0.00,,,0.00,10.953,WeatherBaga 2.3.1,2010-11-22 11:24:00,
2010-11-22 03:26:00,45.8,41.8,30.16,SSE,158,2.6,4.0,86,0.00,,,0.00,10.712,WeatherBaga 2.3.1,2010-11-22 11:26:00,
2010-11-22 03:29:00,45.8,42.0,30.16,SSE,159,0.6,4.0,86,0.00,,,0.00,10.755,WeatherBaga 2.3.1,2010-11-22 11:29:00,
2010-11-22 03:32:00,45.8,42.1,30.16,SSW,195,0.8,4.0,87,0.00,,,0.00,11.137,WeatherBaga 2.3.1,2010-11-22 11:32:00,
2010-11-22 03:35:00,45.8,42.4,30.16,WSW,241,1.0,4.0,88,0.00,,,0.00,11.085,WeatherBaga 2.3.1,2010-11-22 11:35:00,
2010-11-22 03:40:00,45.6,42.1,30.16,SSE,147,1.5,3.2,88,0.00,,,0.00,10.992,WeatherBaga 2.3.1,2010-11-22 11:40:00,
2010-11-22 03:45:00,45.6,42.3,30.17,SSE,148,0.7,2.3,88,0.00,,,0.00,11.114,WeatherBaga 2.3.1,2010-11-22 11:45:00,
2010-11-22 03:59:00,45.6,43.0,30.17,SE,124,2.3,2.8,91,0.00,,,0.00,11.075,WeatherBaga 2.3.1,2010-11-22 11:59:00,
2010-11-22 04:04:00,45.5,43.1,30.17,North,10,1.2,2.8,91,0.00,,,0.00,11.039,WeatherBaga 2.3.1,2010-11-22 12:04:00,
2010-11-22 04:05:00,45.5,43.1,30.17,North,0,1.3,2.8,91,0.00,,,0.00,11.095,WeatherBaga 2.3.1,2010-11-22 12:05:00,
2010-11-22 04:10:00,45.5,43.3,30.17,SSE,147,1.6,2.7,92,0.00,,,0.00,11.131,WeatherBaga 2.3.1,2010-11-22 12:10:00,
2010-11-22 04:11:00,45.5,43.3,30.17,SSE,156,0.7,2.7,92,0.00,,,0.00,10.963,WeatherBaga 2.3.1,2010-11-22 12:11:00,
2010-11-22 04:16:00,45.3,43.2,30.17,SE,139,0.8,2.2,92,0.00,,,0.00,10.956,WeatherBaga 2.3.1,2010-11-22 12:16:00,
2010-11-22 04:21:00,45.1,43.1,30.17,SSE,163,1.6,1.8,92,0.00,,,0.00,10.870,WeatherBaga 2.3.1,2010-11-22 12:21:00,
2010-11-22 04:22:00,45.1,43.1,30.17,SSE,153,1.2,1.9,92,0.00,,,0.00,11.141,WeatherBaga 2.3.1,2010-11-22 12:22:00,
2010-11-22 04:26:00,44.9,42.9,30.17,SE,137,0.6,1.9,93,0.00,,,0.00,11.128,WeatherBaga 2.3.1,2010-11-22 12:26:00,
2010-11-22 04:27:00,44.9,42.9,30.17,SSE,156,1.4,1.9,93,0.00,,,0.00,11.068,WeatherBaga 2.3.1,2010-11-22 12:27:00,
2010-11-22 04:28:00,44.9,43.0,30.17,SSE,151,0.9,1.9,93,0.00,,,0.00,11.091,WeatherBaga 2.3.1,2010-11-22 12:28:00,
2010-11-22 04:31:00,44.7,42.8,30.17,ESE,121,0.6,1.7,93,0.00,,,0.00,11.111,WeatherBaga 2.3.1,2010-11-22 12:31:00,
2010-11-22 04:32:00,44.7,42.8,30.17,NNE,33,1.1,1.7,93,0.00,,,0.00,11.072,WeatherBaga 2.3.1,2010-11-22 12:32:00,
2010-11-22 06:32:00,43.3,41.9,30.17,NW,326,0.6,1.2,95,0.00,,,0.00,11.128,WeatherBaga 2.3.1,2010-11-22 14:32:00,
2010-11-22 06:37:00,43.1,41.7,30.17,NNW,337,0.6,1.2,95,0.00,,,0.00,11.233,WeatherBaga 2.3.1,2010-11-22 14:37:00,
2010-11-22 06:42:00,42.9,41.6,30.18,East,95,0.8,1.4,95,0.00,,,0.00,11.534,WeatherBaga 2.3.1,2010-11-22 14:42:00,
2010-11-22 06:43:00,42.9,41.6,30.18,SSE,160,0.6,1.4,95,0.00,,,0.00,11.804,WeatherBaga 2.3.1,2010-11-22 14:43:00,
2010-11-22 06:44:00,42.9,41.6,30.18,South,187,0.6,1.4,95,0.00,,,0.00,11.867,WeatherBaga 2.3.1,2010-11-22 14:44:00,
2010-11-22 06:47:00,42.8,41.5,30.18,SSW,194,0.3,1.4,95,0.00,,,0.00,12.335,WeatherBaga 2.3.1,2010-11-22 14:47:00,
2010-11-22 06:49:00,42.8,41.5,30.18,NW,307,0.4,1.4,95,0.00,,,0.00,12.761,WeatherBaga 2.3.1,2010-11-22 14:49:00,
2010-11-22 06:52:00,42.8,41.5,30.18,WSW,250,0.2,1.3,95,0.00,,,0.00,13.606,WeatherBaga 2.3.1,2010-11-22 14:52:00,
2010-11-22 06:53:00,42.6,41.3,30.18,ESE,113,0.4,1.3,95,0.00,,,0.00,13.863,WeatherBaga 2.3.1,2010-11-22 14:53:00,
2010-11-22 06:54:00,42.6,41.3,30.18,South,176,0.9,1.3,95,0.00,,,0.00,14.124,WeatherBaga 2.3.1,2010-11-22 14:54:00,
2010-11-22 06:55:00,42.6,41.3,30.18,East,89,0.2,1.3,95,0.00,,,0.00,14.253,WeatherBaga 2.3.1,2010-11-22 14:55:00,
2010-11-22 06:57:00,42.6,41.3,30.18,South,190,0.8,1.2,95,0.00,,,0.00,14.847,WeatherBaga 2.3.1,2010-11-22 14:57:00,
2010-11-22 06:59:00,42.6,41.3,30.18,SW,218,1.0,1.2,95,0.00,,,0.00,15.447,WeatherBaga 2.3.1,2010-11-22 14:59:00,
2010-11-22 07:01:00,42.6,41.3,30.18,SW,216,0.8,1.6,95,0.00,,,0.00,16.259,WeatherBaga 2.3.1,2010-11-22 15:01:00,
2010-11-22 07:02:00,42.6,41.3,30.18,SSW,208,1.1,1.6,95,0.00,,,0.00,16.731,WeatherBaga 2.3.1,2010-11-22 15:02:00,
2010-11-22 07:03:00,42.6,41.3,30.18,WSW,249,1.3,1.6,95,0.00,,,0.00,16.962,WeatherBaga 2.3.1,2010-11-22 15:03:00,
2010-11-22 07:05:00,42.6,41.3,30.18,WSW,254,0.8,1.6,95,0.00,,,0.00,17.853,WeatherBaga 2.3.1,2010-11-22 15:05:00,
2010-11-22 07:06:00,42.8,41.6,30.18,WSW,242,1.1,1.6,95,0.00,,,0.00,18.345,WeatherBaga 2.3.1,2010-11-22 15:06:00,
2010-11-22 07:08:00,42.8,41.6,30.18,WSW,249,0.6,1.6,95,0.00,,,0.00,19.176,WeatherBaga 2.3.1,2010-11-22 15:08:00,
2010-11-22 07:10:00,42.8,41.6,30.18,East,99,0.3,1.6,95,0.00,,,0.00,21.061,WeatherBaga 2.3.1,2010-11-22 15:10:00,
2010-11-22 07:13:00,42.8,41.5,30.18,SSE,158,1.2,1.3,95,0.00,,,0.00,23.215,WeatherBaga 2.3.1,2010-11-22 15:13:00,
2010-11-22 07:15:00,42.6,41.3,30.18,SE,142,1.2,1.4,95,0.00,,,0.00,24.318,WeatherBaga 2.3.1,2010-11-22 15:15:00,
2010-11-22 07:18:00,42.6,41.3,30.18,SSE,166,0.4,1.7,95,0.00,,,0.00,26.657,WeatherBaga 2.3.1,2010-11-22 15:18:00,
2010-11-22 07:19:00,42.6,41.3,30.18,South,174,0.5,1.7,95,0.00,,,0.00,27.377,WeatherBaga 2.3.1,2010-11-22 15:19:00,
2010-11-22 07:21:00,42.6,41.3,30.18,West,260,0.4,1.7,95,0.00,,,0.00,28.413,WeatherBaga 2.3.1,2010-11-22 15:21:00,
2010-11-22 07:23:00,42.6,41.3,30.18,East,86,0.5,1.7,95,0.00,,,0.00,30.608,WeatherBaga 2.3.1,2010-11-22 15:23:00,
2010-11-22 07:24:00,42.4,41.1,30.18,SSE,165,0.3,1.7,95,0.00,,,0.00,31.611,WeatherBaga 2.3.1,2010-11-22 15:24:00,
2010-11-22 07:26:00,42.4,41.2,30.18,East,94,1.1,1.4,95,0.00,,,0.00,32.987,WeatherBaga 2.3.1,2010-11-22 15:26:00,
2010-11-22 07:28:00,42.4,41.2,30.18,NNE,22,0.9,1.4,95,0.00,,,0.00,34.056,WeatherBaga 2.3.1,2010-11-22 15:28:00,
2010-11-22 07:33:00,42.8,41.6,30.18,ENE,59,1.4,2.7,96,0.00,,,0.00,35.366,WeatherBaga 2.3.1,2010-11-22 15:33:00,
2010-11-22 07:34:00,42.8,41.6,30.18,ENE,69,1.0,2.7,96,0.00,,,0.00,35.277,WeatherBaga 2.3.1,2010-11-22 15:34:00,
2010-11-22 07:36:00,42.8,41.6,30.18,ENE,58,1.5,2.7,96,0.00,,,0.00,35.746,WeatherBaga 2.3.1,2010-11-22 15:36:00,
2010-11-22 07:39:00,42.9,41.8,30.18,NE,45,2.0,2.7,96,0.00,,,0.00,34.244,WeatherBaga 2.3.1,2010-11-22 15:39:00,
2010-11-22 07:40:00,42.9,41.8,30.18,NE,48,2.0,3.0,96,0.00,,,0.00,34.145,WeatherBaga 2.3.1,2010-11-22 15:40:00,
2010-11-22 07:41:00,43.1,42.0,30.18,NE,36,1.1,3.0,96,0.00,,,0.00,33.855,WeatherBaga 2.3.1,2010-11-22 15:41:00,
2010-11-22 07:44:00,43.1,41.9,30.19,SE,125,0.8,3.0,96,0.00,,,0.00,36.755,WeatherBaga 2.3.1,2010-11-22 15:44:00,
2010-11-22 07:45:00,43.1,41.9,30.19,SE,140,1.1,3.0,96,0.00,,,0.00,36.877,WeatherBaga 2.3.1,2010-11-22 15:45:00,
2010-11-22 07:46:00,43.1,41.9,30.19,SE,139,0.3,3.0,96,0.00,,,0.00,38.006,WeatherBaga 2.3.1,2010-11-22 15:46:00,
2010-11-22 07:50:00,43.1,41.9,30.19,NNW,348,0.3,2.0,96,0.00,,,0.00,43.507,WeatherBaga 2.3.1,2010-11-22 15:50:00,
2010-11-22 07:52:00,43.1,41.9,30.19,South,188,1.7,1.7,96,0.00,,,0.00,45.279,WeatherBaga 2.3.1,2010-11-22 15:52:00,
2010-11-22 07:55:00,43.7,42.6,30.19,SSE,151,2.8,4.2,96,0.00,,,0.00,52.394,WeatherBaga 2.3.1,2010-11-22 15:55:00,
2010-11-22 07:56:00,43.8,42.7,30.19,SSE,157,3.0,4.2,96,0.00,,,0.00,52.783,WeatherBaga 2.3.1,2010-11-22 15:56:00,
2010-11-22 07:57:00,44.0,42.9,30.19,SSE,165,3.2,4.9,96,0.00,,,0.00,55.503,WeatherBaga 2.3.1,2010-11-22 15:57:00,
2010-11-22 08:00:00,44.2,43.1,30.19,SE,141,2.1,5.1,96,0.00,,,0.00,56.773,WeatherBaga 2.3.1,2010-11-22 16:00:00,
2010-11-22 08:02:00,44.4,43.2,30.19,SSE,160,3.6,5.9,96,0.00,,,0.00,52.516,WeatherBaga 2.3.1,2010-11-22 16:02:00,
2010-11-22 08:04:00,44.6,43.4,30.19,SSE,149,4.8,5.9,96,0.00,,,0.00,49.985,WeatherBaga 2.3.1,2010-11-22 16:04:00,
2010-11-22 08:05:00,44.7,43.5,30.20,SE,131,1.1,5.9,95,0.00,,,0.00,50.342,WeatherBaga 2.3.1,2010-11-22 16:05:00,
2010-11-22 08:08:00,44.9,43.6,30.20,SSE,155,3.4,5.9,95,0.00,,,0.00,46.774,WeatherBaga 2.3.1,2010-11-22 16:08:00,
2010-11-22 08:09:00,44.9,43.5,30.20,SSE,166,2.9,5.9,95,0.00,,,0.00,45.345,WeatherBaga 2.3.1,2010-11-22 16:09:00,
2010-11-22 08:10:00,45.1,43.6,30.20,SSE,166,2.7,5.9,95,0.00,,,0.00,43.481,WeatherBaga 2.3.1,2010-11-22 16:10:00,
2010-11-22 08:11:00,45.3,43.8,30.20,SSE,163,2.5,5.9,94,0.00,,,0.00,42.653,WeatherBaga 2.3.1,2010-11-22 16:11:00,
2010-11-22 08:14:00,45.5,43.8,30.20,WSW,237,0.2,5.6,94,0.00,,,0.00,42.484,WeatherBaga 2.3.1,2010-11-22 16:14:00,
2010-11-22 08:16:00,45.6,43.9,30.21,SSE,162,0.8,5.6,94,0.00,,,0.00,39.323,WeatherBaga 2.3.1,2010-11-22 16:16:00,
2010-11-22 08:21:00,46.0,44.2,30.21,SSE,163,2.0,3.3,93,0.00,,,0.00,46.520,WeatherBaga 2.3.1,2010-11-22 16:21:00,
2010-11-22 08:22:00,46.0,44.2,30.21,SSE,155,1.8,3.3,93,0.00,,,0.00,46.810,WeatherBaga 2.3.1,2010-11-22 16:22:00,
2010-11-22 08:26:00,46.7,44.2,30.21,SE,139,1.6,5.1,91,0.00,,,0.00,52.975,WeatherBaga 2.3.1,2010-11-22 16:26:00,
2010-11-22 08:27:00,46.9,44.3,30.21,South,174,2.2,5.1,91,0.00,,,0.00,54.351,WeatherBaga 2.3.1,2010-11-22 16:27:00,
2010-11-22 08:28:00,47.1,44.5,30.21,SSE,155,2.1,5.1,91,0.00,,,0.00,55.770,WeatherBaga 2.3.1,2010-11-22 16:28:00,
2010-11-22 08:32:00,47.8,44.5,30.21,SE,142,1.7,5.1,88,0.00,,,0.00,66.455,WeatherBaga 2.3.1,2010-11-22 16:32:00,
2010-11-22 08:33:00,47.8,44.4,30.21,South,178,1.5,5.1,88,0.00,,,0.00,68.930,WeatherBaga 2.3.1,2010-11-22 16:33:00,
2010-11-22 08:37:00,48.9,44.9,30.21,South,171,1.8,4.9,86,0.00,,,0.00,106.260,WeatherBaga 2.3.1,2010-11-22 16:37:00,
2010-11-22 08:38:00,49.1,44.7,30.21,SSE,153,2.2,4.9,85,0.00,,,0.00,107.230,WeatherBaga 2.3.1,2010-11-22 16:38:00,
2010-11-22 08:41:00,49.4,44.1,30.22,SSE,149,3.2,4.2,82,0.00,,,0.00,157.763,WeatherBaga 2.3.1,2010-11-22 16:41:00,
2010-11-22 08:43:00,49.8,44.5,30.22,South,172,4.7,4.8,82,0.00,,,0.00,224.063,WeatherBaga 2.3.1,2010-11-22 16:43:00,
2010-11-22 08:46:00,50.0,44.3,30.22,South,169,2.1,5.1,81,0.00,,,0.00,270.524,WeatherBaga 2.3.1,2010-11-22 16:46:00,
2010-11-22 08:48:00,50.3,44.6,30.22,ESE,110,1.1,5.1,81,0.00,,,0.00,112.692,WeatherBaga 2.3.1,2010-11-22 16:48:00,
2010-11-22 08:53:00,50.9,44.5,30.22,SSE,155,1.8,5.0,79,0.00,,,0.00,302.999,WeatherBaga 2.3.1,2010-11-22 16:53:00,
2010-11-22 08:54:00,50.9,44.4,30.22,SSE,151,2.9,4.9,78,0.00,,,0.00,331.756,WeatherBaga 2.3.1,2010-11-22 16:54:00,
2010-11-22 08:59:00,51.4,44.8,30.22,SSE,161,2.9,4.3,78,0.00,,,0.00,419.595,WeatherBaga 2.3.1,2010-11-22 16:59:00,
2010-11-22 09:04:00,52.3,45.0,30.22,South,175,1.9,6.3,76,0.00,,,0.00,278.619,WeatherBaga 2.3.1,2010-11-22 17:04:00,
2010-11-22 09:05:00,52.3,45.3,30.22,SE,140,2.7,6.3,77,0.00,,,0.00,240.002,WeatherBaga 2.3.1,2010-11-22 17:05:00,
2010-11-22 09:09:00,52.5,44.6,30.22,SSE,159,1.5,6.3,75,0.00,,,0.00,260.202,WeatherBaga 2.3.1,2010-11-22 17:09:00,
2010-11-22 09:10:00,52.7,45.1,30.22,SSE,154,1.1,6.3,75,0.00,,,0.00,225.776,WeatherBaga 2.3.1,2010-11-22 17:10:00,
2010-11-22 09:14:00,53.0,44.4,30.22,South,182,6.1,6.7,73,0.00,,,0.00,194.281,WeatherBaga 2.3.1,2010-11-22 17:14:00,
2010-11-22 09:15:00,53.0,43.9,30.22,WSW,242,3.1,6.7,71,0.00,,,0.00,196.456,WeatherBaga 2.3.1,2010-11-22 17:15:00,
2010-11-22 09:20:00,53.0,43.8,30.23,SW,214,1.4,6.7,71,0.00,,,0.00,196.403,WeatherBaga 2.3.1,2010-11-22 17:20:00,
2010-11-22 09:25:00,53.4,44.1,30.23,SE,133,2.2,6.5,71,0.00,,,0.00,328.119,WeatherBaga 2.3.1,2010-11-22 17:25:00,
2010-11-22 09:26:00,53.4,44.1,30.23,SSE,157,1.8,6.5,71,0.00,,,0.00,433.178,WeatherBaga 2.3.1,2010-11-22 17:26:00,
2010-11-22 09:30:00,53.7,43.6,30.23,SSW,213,3.2,6.7,69,0.00,,,0.00,338.187,WeatherBaga 2.3.1,2010-11-22 17:30:00,
2010-11-22 09:31:00,53.7,43.1,30.23,SW,230,3.5,6.7,67,0.00,,,0.00,351.354,WeatherBaga 2.3.1,2010-11-22 17:31:00,
2010-11-22 09:35:00,54.1,44.0,30.23,South,181,1.0,6.7,69,0.00,,,0.00,230.951,WeatherBaga 2.3.1,2010-11-22 17:35:00,
2010-11-22 09:36:00,54.1,44.1,30.23,SSE,162,0.8,6.7,69,0.00,,,0.00,238.970,WeatherBaga 2.3.1,2010-11-22 17:36:00,
2010-11-22 09:40:00,54.3,44.6,30.23,NW,320,2.1,5.3,70,0.00,,,0.00,203.115,WeatherBaga 2.3.1,2010-11-22 17:40:00,
2010-11-22 09:41:00,54.3,43.4,30.23,SSW,210,2.3,4.3,67,0.00,,,0.00,235.277,WeatherBaga 2.3.1,2010-11-22 17:41:00,
2010-11-22 09:42:00,54.3,43.5,30.23,NW,308,2.2,4.3,67,0.00,,,0.00,302.646,WeatherBaga 2.3.1,2010-11-22 17:42:00,
2010-11-22 09:45:00,54.1,43.3,30.23,South,186,3.1,5.8,67,0.00,,,0.00,224.067,WeatherBaga 2.3.1,2010-11-22 17:45:00,
2010-11-22 09:47:00,53.9,43.8,30.23,ENE,76,2.8,5.8,69,0.00,,,0.00,209.867,WeatherBaga 2.3.1,2010-11-22 17:47:00,
2010-11-22 09:50:00,54.1,43.9,30.23,SSW,210,0.9,5.8,68,0.00,,,0.00,176.279,WeatherBaga 2.3.1,2010-11-22 17:50:00,
2010-11-22 09:52:00,54.3,44.4,30.23,East,82,0.7,5.8,69,0.00,,,0.00,189.691,WeatherBaga 2.3.1,2010-11-22 17:52:00,
2010-11-22 09:53:00,54.3,43.6,30.23,South,186,0.4,4.8,67,0.00,,,0.00,160.753,WeatherBaga 2.3.1,2010-11-22 17:53:00,
2010-11-22 09:55:00,54.3,43.6,30.23,East,95,0.6,4.0,67,0.00,,,0.00,133.739,WeatherBaga 2.3.1,2010-11-22 17:55:00,
2010-11-22 09:57:00,54.3,43.4,30.23,SSW,209,2.0,4.0,67,0.00,,,0.00,105.511,WeatherBaga 2.3.1,2010-11-22 17:57:00,
2010-11-22 10:01:00,54.1,43.7,30.23,SSE,163,0.6,4.2,68,0.00,,,0.00,117.021,WeatherBaga 2.3.1,2010-11-22 18:01:00,
2010-11-22 10:02:00,53.9,43.5,30.23,WSW,245,1.5,4.8,68,0.00,,,0.00,110.418,WeatherBaga 2.3.1,2010-11-22 18:02:00,
2010-11-22 10:07:00,53.9,43.9,30.24,WNW,288,1.0,4.8,69,0.00,,,0.00,309.025,WeatherBaga 2.3.1,2010-11-22 18:07:00,
2010-11-22 10:08:00,53.9,44.1,30.24,SE,129,0.7,4.8,69,0.00,,,0.00,293.882,WeatherBaga 2.3.1,2010-11-22 18:08:00,
2010-11-22 10:12:00,54.3,43.7,30.24,WNW,298,1.4,7.5,67,0.00,,,0.00,249.817,WeatherBaga 2.3.1,2010-11-22 18:12:00,
2010-11-22 10:13:00,54.3,43.9,30.24,SW,218,1.7,7.5,68,0.00,,,0.00,219.760,WeatherBaga 2.3.1,2010-11-22 18:13:00,
2010-11-22 10:18:00,54.6,43.8,30.24,SW,221,1.6,7.5,67,0.00,,,0.00,299.468,WeatherBaga 2.3.1,2010-11-22 18:18:00,
2010-11-22 10:23:00,54.8,44.2,30.24,East,92,0.9,4.9,68,0.00,,,0.00,258.671,WeatherBaga 2.3.1,2010-11-22 18:23:00,
2010-11-22 10:24:00,54.8,44.2,30.24,SE,129,2.0,4.9,67,0.00,,,0.00,260.862,WeatherBaga 2.3.1,2010-11-22 18:24:00,
2010-11-22 10:29:00,54.6,43.5,30.24,SSE,166,2.4,5.4,66,0.00,,,0.00,378.784,WeatherBaga 2.3.1,2010-11-22 18:29:00,
2010-11-22 10:30:00,54.8,44.1,30.24,SE,135,3.3,5.4,67,0.00,,,0.00,467.115,WeatherBaga 2.3.1,2010-11-22 18:30:00,
2010-11-22 10:34:00,55.7,44.5,30.24,NNW,344,1.3,5.4,66,0.00,,,0.00,751.776,WeatherBaga 2.3.1,2010-11-22 18:34:00,
2010-11-22 10:39:00,57.0,43.8,30.24,SSE,154,1.4,6.3,61,0.00,,,0.00,668.197,WeatherBaga 2.3.1,2010-11-22 18:39:00,
2010-11-22 10:40:00,57.2,43.1,30.24,ESE,120,3.6,8.4,59,0.00,,,0.00,684.354,WeatherBaga 2.3.1,2010-11-22 18:40:00,
2010-11-22 10:44:00,56.8,44.0,30.24,SE,144,3.8,8.4,62,0.00,,,0.00,310.791,WeatherBaga 2.3.1,2010-11-22 18:44:00,
2010-11-22 10:45:00,56.8,43.6,30.24,South,184,2.3,8.4,61,0.00,,,0.00,347.338,WeatherBaga 2.3.1,2010-11-22 18:45:00,
2010-11-22 10:50:00,56.6,44.0,30.24,WNW,291,2.7,7.4,63,0.00,,,0.00,332.152,WeatherBaga 2.3.1,2010-11-22 18:50:00,
2010-11-22 10:55:00,57.2,43.5,30.24,West,264,1.5,7.4,60,0.00,,,0.00,300.346,WeatherBaga 2.3.1,2010-11-22 18:55:00,
2010-11-22 10:56:00,57.2,43.5,30.24,WNW,288,1.1,7.4,60,0.00,,,0.00,277.025,WeatherBaga 2.3.1,2010-11-22 18:56:00,
2010-11-22 11:01:00,56.8,43.3,30.24,NW,322,2.0,7.1,60,0.00,,,0.00,177.728,WeatherBaga 2.3.1,2010-11-22 19:01:00,
2010-11-22 11:02:00,56.6,43.1,30.24,SSW,204,1.6,7.1,61,0.00,,,0.00,177.292,WeatherBaga 2.3.1,2010-11-22 19:02:00,
2010-11-22 11:06:00,56.1,42.8,30.24,South,169,1.1,7.1,61,0.00,,,0.00,188.796,WeatherBaga 2.3.1,2010-11-22 19:06:00,
2010-11-22 11:08:00,56.3,43.7,30.24,WSW,249,0.9,7.1,63,0.00,,,0.00,619.747,WeatherBaga 2.3.1,2010-11-22 19:08:00,
2010-11-22 11:11:00,57.0,43.4,30.23,NW,320,1.9,5.4,60,0.00,,,0.00,621.902,WeatherBaga 2.3.1,2010-11-22 19:11:00,
2010-11-22 11:14:00,57.5,44.0,30.23,SSW,198,5.4,6.4,61,0.00,,,0.00,520.149,WeatherBaga 2.3.1,2010-11-22 19:14:00,
2010-11-22 11:16:00,57.7,43.7,30.23,WNW,291,2.7,6.4,60,0.00,,,0.00,208.085,WeatherBaga 2.3.1,2010-11-22 19:16:00,
2010-11-22 11:19:00,57.3,42.8,30.23,ESE,111,0.5,6.4,58,0.00,,,0.00,215.889,WeatherBaga 2.3.1,2010-11-22 19:19:00,
2010-11-22 11:21:00,57.0,42.8,30.23,NE,38,0.6,6.4,59,0.00,,,0.00,180.857,WeatherBaga 2.3.1,2010-11-22 19:21:00,
2010-11-22 11:22:00,56.6,42.8,30.23,South,190,1.9,6.4,60,0.00,,,0.00,197.436,WeatherBaga 2.3.1,2010-11-22 19:22:00,
2010-11-22 11:25:00,56.4,43.6,30.23,SW,229,1.3,4.8,62,0.00,,,0.00,226.456,WeatherBaga 2.3.1,2010-11-22 19:25:00,
2010-11-22 11:27:00,56.8,44.1,30.23,WSW,257,2.7,4.8,62,0.00,,,0.00,404.880,WeatherBaga 2.3.1,2010-11-22 19:27:00,
2010-11-22 11:30:00,56.8,42.9,30.23,South,185,3.8,5.8,60,0.00,,,0.00,737.464,WeatherBaga 2.3.1,2010-11-22 19:30:00,
2010-11-22 11:31:00,56.8,43.4,30.23,West,281,2.1,5.8,61,0.00,,,0.00,744.757,WeatherBaga 2.3.1,2010-11-22 19:31:00,
2010-11-22 11:36:00,57.7,43.8,30.23,NW,314,2.1,5.8,60,0.00,,,0.00,287.555,WeatherBaga 2.3.1,2010-11-22 19:36:00,
2010-11-22 11:37:00,57.7,44.1,30.23,NW,319,0.9,5.8,61,0.00,,,0.00,457.489,WeatherBaga 2.3.1,2010-11-22 19:37:00,
2010-11-22 11:41:00,58.6,43.7,30.22,SSE,153,2.1,5.7,58,0.00,,,0.00,765.884,WeatherBaga 2.3.1,2010-11-22 19:41:00,
2010-11-22 11:42:00,58.6,43.6,30.22,SW,225,0.9,5.7,58,0.00,,,0.00,761.003,WeatherBaga 2.3.1,2010-11-22 19:42:00,
2010-11-22 11:44:00,59.0,43.6,30.22,South,172,2.4,5.7,57,0.00,,,0.00,751.456,WeatherBaga 2.3.1,2010-11-22 19:44:00,
2010-11-22 11:47:00,59.3,43.8,30.22,West,269,1.6,5.7,56,0.00,,,0.00,740.992,WeatherBaga 2.3.1,2010-11-22 19:47:00,
2010-11-22 11:52:00,59.3,43.1,30.22,West,267,1.9,6.1,55,0.00,,,0.00,352.255,WeatherBaga 2.3.1,2010-11-22 19:52:00,
2010-11-22 11:53:00,59.3,43.0,30.22,West,271,3.1,6.1,55,0.00,,,0.00,278.543,WeatherBaga 2.3.1,2010-11-22 19:53:00,
2010-11-22 11:57:00,58.6,43.3,30.22,South,175,0.8,6.6,57,0.00,,,0.00,236.613,WeatherBaga 2.3.1,2010-11-22 19:57:00,
2010-11-22 11:58:00,58.4,43.3,30.22,South,172,1.6,6.6,57,0.00,,,0.00,233.696,WeatherBaga 2.3.1,2010-11-22 19:58:00,
2010-11-22 12:03:00,58.1,43.4,30.21,North,357,1.3,6.4,58,0.00,,,0.00,188.780,WeatherBaga 2.3.1,2010-11-22 20:03:00,
2010-11-22 12:08:00,57.7,43.3,30.21,NW,325,3.8,5.1,59,0.00,,,0.00,164.505,WeatherBaga 2.3.1,2010-11-22 20:08:00,
2010-11-22 12:09:00,57.5,42.7,30.21,NNE,16,1.3,5.1,58,0.00,,,0.00,146.098,WeatherBaga 2.3.1,2010-11-22 20:09:00,
2010-11-22 12:14:00,57.5,43.5,30.21,SW,223,2.5,5.1,60,0.00,,,0.00,152.678,WeatherBaga 2.3.1,2010-11-22 20:14:00,
2010-11-22 12:19:00,58.2,43.1,30.21,SSW,202,3.7,6.5,57,0.00,,,0.00,196.551,WeatherBaga 2.3.1,2010-11-22 20:19:00,
2010-11-22 12:24:00,58.1,42.1,30.21,NW,321,2.2,6.5,55,0.00,,,0.00,117.325,WeatherBaga 2.3.1,2010-11-22 20:24:00,
2010-11-22 12:25:00,58.1,42.4,30.21,WSW,258,2.1,6.5,56,0.00,,,0.00,112.190,WeatherBaga 2.3.1,2010-11-22 20:25:00,
2010-11-22 12:30:00,57.3,41.9,30.21,WNW,295,3.3,6.4,56,0.00,,,0.00,94.657,WeatherBaga 2.3.1,2010-11-22 20:30:00,
2010-11-22 12:31:00,57.2,41.6,30.20,WNW,291,1.3,6.4,56,0.00,,,0.00,102.521,WeatherBaga 2.3.1,2010-11-22 20:31:00,
2010-11-22 12:35:00,57.7,42.5,30.20,NNW,330,1.9,5.9,57,0.00,,,0.00,628.746,WeatherBaga 2.3.1,2010-11-22 20:35:00,
2010-11-22 12:36:00,57.9,43.0,30.20,NNE,17,1.4,5.9,58,0.00,,,0.00,631.465,WeatherBaga 2.3.1,2010-11-22 20:36:00,
2010-11-22 12:40:00,58.6,42.7,30.20,WSW,244,3.0,7.0,56,0.00,,,0.00,708.629,WeatherBaga 2.3.1,2010-11-22 20:40:00,
2010-11-22 12:41:00,58.6,42.4,30.20,WNW,291,4.6,7.0,55,0.00,,,0.00,702.451,WeatherBaga 2.3.1,2010-11-22 20:41:00,
2010-11-22 12:46:00,59.1,43.0,30.20,NW,316,1.3,8.6,55,0.00,,,0.00,669.593,WeatherBaga 2.3.1,2010-11-22 20:46:00,
2010-11-22 12:47:00,59.3,43.6,30.20,South,191,2.8,8.6,56,0.00,,,0.00,509.263,WeatherBaga 2.3.1,2010-11-22 20:47:00,
2010-11-22 12:52:00,59.7,42.0,30.20,NNW,335,3.3,8.6,52,0.00,,,0.00,554.928,WeatherBaga 2.3.1,2010-11-22 20:52:00,
2010-11-22 12:53:00,59.7,42.4,30.20,WSW,256,1.5,8.6,53,0.00,,,0.00,554.928,WeatherBaga 2.3.1,2010-11-22 20:53:00,
2010-11-22 12:54:00,59.5,42.3,30.20,ESE,105,2.7,6.1,53,0.00,,,0.00,473.012,WeatherBaga 2.3.1,2010-11-22 20:54:00,
2010-11-22 12:58:00,59.0,42.2,30.20,SSW,209,2.7,6.6,54,0.00,,,0.00,731.603,WeatherBaga 2.3.1,2010-11-22 20:58:00,
2010-11-22 12:59:00,58.8,41.7,30.20,South,179,3.5,6.6,53,0.00,,,0.00,628.346,WeatherBaga 2.3.1,2010-11-22 20:59:00,
2010-11-22 13:04:00,59.0,41.8,30.19,SSE,147,1.6,7.0,53,0.00,,,0.00,396.653,WeatherBaga 2.3.1,2010-11-22 21:04:00,
2010-11-22 13:05:00,58.8,42.0,30.19,SW,222,1.3,7.0,54,0.00,,,0.00,739.919,WeatherBaga 2.3.1,2010-11-22 21:05:00,
2010-11-22 13:06:00,59.0,42.4,30.19,SW,225,3.4,7.0,54,0.00,,,0.00,695.934,WeatherBaga 2.3.1,2010-11-22 21:06:00,
2010-11-22 13:09:00,59.7,43.3,30.20,NNW,331,1.9,7.0,55,0.00,,,0.00,241.920,WeatherBaga 2.3.1,2010-11-22 21:09:00,
2010-11-22 13:10:00,59.9,43.1,30.19,SW,231,1.3,6.1,54,0.00,,,0.00,448.232,WeatherBaga 2.3.1,2010-11-22 21:10:00,
2010-11-22 13:11:00,60.0,42.0,30.19,South,170,1.8,6.1,51,0.00,,,0.00,269.448,WeatherBaga 2.3.1,2010-11-22 21:11:00,
2010-11-22 13:14:00,59.9,41.6,30.19,WNW,303,3.5,6.1,51,0.00,,,0.00,633.943,WeatherBaga 2.3.1,2010-11-22 21:14:00,
2010-11-22 13:17:00,59.7,40.8,30.19,North,4,6.2,6.7,50,0.00,,,0.00,307.870,WeatherBaga 2.3.1,2010-11-22 21:17:00,
2010-11-22 13:18:00,59.3,40.8,30.19,East,79,1.1,6.7,50,0.00,,,0.00,463.063,WeatherBaga 2.3.1,2010-11-22 21:18:00,
2010-11-22 13:19:00,59.0,41.3,30.19,NW,323,3.1,6.7,52,0.00,,,0.00,659.597,WeatherBaga 2.3.1,2010-11-22 21:19:00,
2010-11-22 13:24:00,59.1,41.8,30.19,West,265,2.1,6.7,53,0.00,,,0.00,282.582,WeatherBaga 2.3.1,2010-11-22 21:24:00,
2010-11-22 13:25:00,59.3,41.6,30.19,West,276,4.1,6.7,52,0.00,,,0.00,317.486,WeatherBaga 2.3.1,2010-11-22 21:25:00,
2010-11-22 13:30:00,59.7,42.5,30.19,WNW,299,2.0,5.2,53,0.00,,,0.00,568.742,WeatherBaga 2.3.1,2010-11-22 21:30:00,
2010-11-22 13:31:00,59.9,42.1,30.19,SW,215,2.7,5.2,52,0.00,,,0.00,240.468,WeatherBaga 2.3.1,2010-11-22 21:31:00,
2010-11-22 13:35:00,59.5,42.3,30.19,WSW,240,1.4,4.6,53,0.00,,,0.00,241.943,WeatherBaga 2.3.1,2010-11-22 21:35:00,
2010-11-22 13:36:00,59.5,41.5,30.19,North,357,3.2,5.1,51,0.00,,,0.00,232.379,WeatherBaga 2.3.1,2010-11-22 21:36:00,
2010-11-22 13:37:00,59.5,41.7,30.19,NW,308,1.4,5.1,52,0.00,,,0.00,232.379,WeatherBaga 2.3.1,2010-11-22 21:37:00,
2010-11-22 13:41:00,59.0,41.3,30.19,WNW,303,1.2,5.1,52,0.00,,,0.00,174.431,WeatherBaga 2.3.1,2010-11-22 21:41:00,
2010-11-22 13:42:00,59.0,41.2,30.19,NW,310,1.5,5.1,52,0.00,,,0.00,170.105,WeatherBaga 2.3.1,2010-11-22 21:42:00,
2010-11-22 13:43:00,59.0,41.4,30.19,NW,319,1.8,5.1,52,0.00,,,0.00,156.733,WeatherBaga 2.3.1,2010-11-22 21:43:00,
2010-11-22 13:46:00,58.6,41.8,30.19,NNW,330,2.1,5.1,54,0.00,,,0.00,185.450,WeatherBaga 2.3.1,2010-11-22 21:46:00,
2010-11-22 13:49:00,57.7,41.7,30.18,NW,304,1.9,8.2,55,0.00,,,0.00,370.969,WeatherBaga 2.3.1,2010-11-22 21:49:00,
2010-11-22 13:51:00,57.7,41.8,30.18,SSE,152,1.1,8.2,56,0.00,,,0.00,442.332,WeatherBaga 2.3.1,2010-11-22 21:51:00,
2010-11-22 13:52:00,58.1,41.9,30.18,NE,37,0.9,8.2,55,0.00,,,0.00,379.701,WeatherBaga 2.3.1,2010-11-22 21:52:00,
2010-11-22 13:56:00,58.8,42.8,30.18,North,353,1.8,8.2,55,0.00,,,0.00,619.766,WeatherBaga 2.3.1,2010-11-22 21:56:00,
2010-11-22 14:01:00,58.8,42.0,30.18,SW,233,3.8,7.2,54,0.00,,,0.00,269.435,WeatherBaga 2.3.1,2010-11-22 22:01:00,
2010-11-22 14:02:00,58.6,42.1,30.18,South,174,3.1,7.2,54,0.00,,,0.00,309.398,WeatherBaga 2.3.1,2010-11-22 22:02:00,
2010-11-22 14:05:00,58.4,41.9,30.18,South,184,0.7,7.2,54,0.00,,,0.00,556.938,WeatherBaga 2.3.1,2010-11-22 22:05:00,
2010-11-22 14:07:00,58.4,42.0,30.18,SSE,153,1.0,7.2,54,0.00,,,0.00,582.664,WeatherBaga 2.3.1,2010-11-22 22:07:00,
2010-11-22 14:11:00,59.0,42.8,30.18,SSW,200,1.9,6.8,55,0.00,,,0.00,354.024,WeatherBaga 2.3.1,2010-11-22 22:11:00,
2010-11-22 14:12:00,59.1,42.5,30.18,SSE,167,1.9,5.2,54,0.00,,,0.00,592.878,WeatherBaga 2.3.1,2010-11-22 22:12:00,
2010-11-22 14:13:00,59.1,42.2,30.18,SSE,160,1.6,5.2,54,0.00,,,0.00,593.746,WeatherBaga 2.3.1,2010-11-22 22:13:00,
2010-11-22 14:16:00,59.1,42.2,30.18,South,190,2.4,5.2,54,0.00,,,0.00,571.606,WeatherBaga 2.3.1,2010-11-22 22:16:00,
2010-11-22 14:18:00,59.3,42.7,30.18,SW,214,0.4,5.2,54,0.00,,,0.00,346.173,WeatherBaga 2.3.1,2010-11-22 22:18:00,
2010-11-22 14:23:00,59.7,41.8,30.18,WSW,244,1.7,5.4,52,0.00,,,0.00,136.957,WeatherBaga 2.3.1,2010-11-22 22:23:00,
2010-11-22 14:28:00,59.1,42.3,30.18,SSW,209,3.2,5.6,54,0.00,,,0.00,261.977,WeatherBaga 2.3.1,2010-11-22 22:28:00,
2010-11-22 14:29:00,59.0,42.3,30.18,SE,136,0.5,5.6,54,0.00,,,0.00,469.012,WeatherBaga 2.3.1,2010-11-22 22:29:00,
2010-11-22 14:30:00,59.0,42.1,30.18,SW,220,2.8,5.6,54,0.00,,,0.00,343.599,WeatherBaga 2.3.1,2010-11-22 22:30:00,
2010-11-22 14:34:00,59.1,41.6,30.18,South,188,4.5,6.3,52,0.00,,,0.00,320.394,WeatherBaga 2.3.1,2010-11-22 22:34:00,
2010-11-22 14:35:00,59.1,41.9,30.18,SSW,205,3.9,6.3,53,0.00,,,0.00,269.683,WeatherBaga 2.3.1,2010-11-22 22:35:00,
2010-11-22 14:40:00,58.8,42.4,30.18,NW,315,3.1,6.3,55,0.00,,,0.00,313.965,WeatherBaga 2.3.1,2010-11-22 22:40:00,
2010-11-22 14:41:00,58.8,42.6,30.18,SW,233,1.4,6.3,55,0.00,,,0.00,318.212,WeatherBaga 2.3.1,2010-11-22 22:41:00,
2010-11-22 14:42:00,58.8,42.7,30.18,NNW,334,1.3,6.3,55,0.00,,,0.00,350.546,WeatherBaga 2.3.1,2010-11-22 22:42:00,
2010-11-22 14:45:00,59.0,42.7,30.18,NW,305,2.5,4.9,55,0.00,,,0.00,339.887,WeatherBaga 2.3.1,2010-11-22 22:45:00,
2010-11-22 14:46:00,59.0,43.1,30.18,SW,236,1.6,4.9,56,0.00,,,0.00,384.051,WeatherBaga 2.3.1,2010-11-22 22:46:00,
2010-11-22 14:49:00,59.3,43.0,30.18,SSE,162,1.6,4.9,55,0.00,,,0.00,354.786,WeatherBaga 2.3.1,2010-11-22 22:49:00,
2010-11-22 14:51:00,59.3,43.1,30.18,SSW,195,1.4,4.9,55,0.00,,,0.00,349.813,WeatherBaga 2.3.1,2010-11-22 22:51:00,
2010-11-22 14:54:00,59.3,42.1,30.17,SSE,159,2.0,4.9,53,0.00,,,0.00,343.441,WeatherBaga 2.3.1,2010-11-22 22:54:00,
2010-11-22 14:56:00,59.1,42.0,30.17,SSE,162,2.0,6.0,53,0.00,,,0.00,339.270,WeatherBaga 2.3.1,2010-11-22 22:56:00,
2010-11-22 14:57:00,59.0,42.3,30.17,East,88,0.2,6.0,54,0.00,,,0.00,343.712,WeatherBaga 2.3.1,2010-11-22 22:57:00,
2010-11-22 14:58:00,59.0,42.7,30.17,ESE,110,2.2,6.0,55,0.00,,,0.00,349.018,WeatherBaga 2.3.1,2010-11-22 22:58:00,
2010-11-22 15:02:00,58.6,41.7,30.17,ESE,117,0.7,6.0,54,0.00,,,0.00,288.159,WeatherBaga 2.3.1,2010-11-22 23:02:00,
2010-11-22 15:03:00,58.6,41.9,30.17,SSW,207,0.9,6.0,54,0.00,,,0.00,305.596,WeatherBaga 2.3.1,2010-11-22 23:03:00,
2010-11-22 15:07:00,59.1,42.1,30.17,NNW,331,0.8,3.7,53,0.00,,,0.00,330.221,WeatherBaga 2.3.1,2010-11-22 23:07:00,
2010-11-22 15:08:00,59.1,42.2,30.17,SE,143,1.2,3.7,54,0.00,,,0.00,328.769,WeatherBaga 2.3.1,2010-11-22 23:08:00,
2010-11-22 15:12:00,59.7,41.6,30.17,SSW,211,1.9,4.2,51,0.00,,,0.00,288.252,WeatherBaga 2.3.1,2010-11-22 23:12:00,
2010-11-22 15:13:00,59.7,41.6,30.17,West,281,1.4,4.3,51,0.00,,,0.00,251.962,WeatherBaga 2.3.1,2010-11-22 23:13:00,
2010-11-22 15:14:00,59.5,41.5,30.17,NW,307,0.5,4.3,51,0.00,,,0.00,172.870,WeatherBaga 2.3.1,2010-11-22 23:14:00,
2010-11-22 15:18:00,58.6,41.6,30.17,SSE,152,3.6,4.8,53,0.00,,,0.00,117.470,WeatherBaga 2.3.1,2010-11-22 23:18:00,
2010-11-22 15:19:00,58.2,41.7,30.17,SSE,163,1.1,4.8,54,0.00,,,0.00,117.642,WeatherBaga 2.3.1,2010-11-22 23:19:00,
2010-11-22 15:23:00,58.1,42.2,30.17,South,180,4.3,4.8,56,0.00,,,0.00,192.116,WeatherBaga 2.3.1,2010-11-22 23:23:00,
2010-11-22 15:28:00,58.1,41.9,30.17,WSW,246,2.3,5.4,55,0.00,,,0.00,245.639,WeatherBaga 2.3.1,2010-11-22 23:28:00,
2010-11-22 15:29:00,58.1,41.4,30.17,SW,226,4.0,5.4,54,0.00,,,0.00,246.315,WeatherBaga 2.3.1,2010-11-22 23:29:00,
2010-11-22 15:31:00,58.1,42.1,30.17,WSW,237,3.0,5.4,55,0.00,,,0.00,255.905,WeatherBaga 2.3.1,2010-11-22 23:31:00,
2010-11-22 15:34:00,58.2,41.9,30.17,West,264,1.3,4.8,55,0.00,,,0.00,254.077,WeatherBaga 2.3.1,2010-11-22 23:34:00,
2010-11-22 15:37:00,58.4,42.2,30.17,West,266,1.6,4.8,55,0.00,,,0.00,238.326,WeatherBaga 2.3.1,2010-11-22 23:37:00,
2010-11-22 15:39:00,58.6,42.2,30.17,NE,36,0.9,4.6,54,0.00,,,0.00,241.606,WeatherBaga 2.3.1,2010-11-22 23:39:00,
2010-11-22 15:42:00,58.6,42.2,30.17,WNW,288,0.8,4.6,54,0.00,,,0.00,247.091,WeatherBaga 2.3.1,2010-11-22 23:42:00,
2010-11-22 15:45:00,58.4,41.7,30.17,SSE,156,2.1,4.6,54,0.00,,,0.00,236.260,WeatherBaga 2.3.1,2010-11-22 23:45:00,
2010-11-22 15:47:00,58.1,41.5,30.17,NNW,338,0.8,6.6,54,0.00,,,0.00,231.112,WeatherBaga 2.3.1,2010-11-22 23:47:00,
2010-11-22 15:49:00,58.1,41.9,30.17,SSE,156,1.1,6.6,55,0.00,,,0.00,144.038,WeatherBaga 2.3.1,2010-11-22 23:49:00,
2010-11-22 15:50:00,58.1,41.7,30.17,South,173,2.7,6.6,54,0.00,,,0.00,122.229,WeatherBaga 2.3.1,2010-11-22 23:50:00,
2010-11-22 15:52:00,58.1,42.1,30.17,SSE,160,1.6,6.6,55,0.00,,,0.00,118.302,WeatherBaga 2.3.1,2010-11-22 23:52:00,
2010-11-22 15:53:00,58.1,42.6,30.17,SW,220,0.6,6.6,56,0.00,,,0.00,104.326,WeatherBaga 2.3.1,2010-11-22 23:53:00,
2010-11-22 15:54:00,58.1,42.3,30.17,SSW,212,2.5,6.6,56,0.00,,,0.00,96.746,WeatherBaga 2.3.1,2010-11-22 23:54:00,
2010-11-22 15:58:00,57.5,42.1,30.17,SSW,192,3.8,6.8,56,0.00,,,0.00,88.229,WeatherBaga 2.3.1,2010-11-22 23:58:00,
2010-11-22 16:00:00,57.2,42.2,30.17,SSW,207,2.4,6.8,57,0.00,,,0.00,93.406,WeatherBaga 2.3.1,2010-11-23 00:00:00,
2010-11-22 16:01:00,57.2,42.2,30.17,SSE,151,3.8,6.8,57,0.00,,,0.00,97.099,WeatherBaga 2.3.1,2010-11-23 00:01:00,
2010-11-22 16:05:00,56.8,42.7,30.17,NNW,327,3.5,6.8,59,0.00,,,0.00,95.370,WeatherBaga 2.3.1,2010-11-23 00:05:00,
2010-11-22 16:06:00,56.8,42.6,30.17,South,184,7.2,7.8,59,0.00,,,0.00,95.650,WeatherBaga 2.3.1,2010-11-23 00:06:00,
2010-11-22 16:10:00,56.4,42.4,30.17,SSW,207,4.2,8.2,59,0.00,,,0.00,92.770,WeatherBaga 2.3.1,2010-11-23 00:10:00,
2010-11-22 16:11:00,56.4,42.6,30.17,WSW,239,2.5,8.2,60,0.00,,,0.00,94.403,WeatherBaga 2.3.1,2010-11-23 00:11:00,
2010-11-22 16:15:00,56.3,42.9,30.17,SW,227,2.1,8.2,61,0.00,,,0.00,80.563,WeatherBaga 2.3.1,2010-11-23 00:15:00,
2010-11-22 16:20:00,56.1,42.8,30.16,NW,322,3.1,6.8,61,0.00,,,0.00,62.396,WeatherBaga 2.3.1,2010-11-23 00:20:00,
2010-11-22 16:21:00,56.1,42.8,30.16,SSW,201,1.1,6.8,61,0.00,,,0.00,62.198,WeatherBaga 2.3.1,2010-11-23 00:21:00,
2010-11-22 16:26:00,55.7,42.5,30.16,SSW,207,1.3,7.0,61,0.00,,,0.00,51.015,WeatherBaga 2.3.1,2010-11-23 00:26:00,
2010-11-22 16:27:00,55.5,42.6,30.16,SSW,209,1.3,7.0,62,0.00,,,0.00,46.923,WeatherBaga 2.3.1,2010-11-23 00:27:00,
2010-11-22 16:31:00,55.4,42.9,30.16,South,183,0.8,7.0,63,0.00,,,0.00,38.739,WeatherBaga 2.3.1,2010-11-23 00:31:00,
2010-11-22 16:32:00,55.4,43.1,30.16,NNW,328,0.8,5.1,63,0.00,,,0.00,37.755,WeatherBaga 2.3.1,2010-11-23 00:32:00,
2010-11-22 16:33:00,55.2,43.0,30.16,West,264,1.4,5.1,63,0.00,,,0.00,37.039,WeatherBaga 2.3.1,2010-11-23 00:33:00,
2010-11-22 16:37:00,55.0,42.9,30.16,SSW,211,1.2,4.9,64,0.00,,,0.00,26.641,WeatherBaga 2.3.1,2010-11-23 00:37:00,
2010-11-22 16:38:00,55.0,43.1,30.16,SW,222,0.5,4.9,64,0.00,,,0.00,24.991,WeatherBaga 2.3.1,2010-11-23 00:38:00,
2010-11-22 16:43:00,54.6,43.2,30.16,West,270,1.0,4.9,65,0.00,,,0.00,19.691,WeatherBaga 2.3.1,2010-11-23 00:43:00,
2010-11-22 16:44:00,54.5,43.2,30.16,NW,314,0.8,4.9,66,0.00,,,0.00,19.143,WeatherBaga 2.3.1,2010-11-23 00:44:00,
2010-11-22 16:48:00,54.3,43.5,30.16,WSW,249,0.5,4.6,67,0.00,,,0.00,17.381,WeatherBaga 2.3.1,2010-11-23 00:48:00,
2010-11-22 16:49:00,54.3,43.7,30.16,ESE,114,0.7,4.6,67,0.00,,,0.00,16.612,WeatherBaga 2.3.1,2010-11-23 00:49:00,
2010-11-22 16:53:00,53.9,43.5,30.17,WNW,283,0.8,4.6,68,0.00,,,0.00,15.388,WeatherBaga 2.3.1,2010-11-23 00:53:00,
2010-11-22 16:54:00,53.9,43.5,30.17,WNW,301,1.0,2.7,68,0.00,,,0.00,15.068,WeatherBaga 2.3.1,2010-11-23 00:54:00,
2010-11-22 16:55:00,53.7,43.6,30.17,WSW,249,0.5,2.7,69,0.00,,,0.00,14.540,WeatherBaga 2.3.1,2010-11-23 00:55:00,
2010-11-22 16:58:00,53.6,43.7,30.17,SSE,162,0.7,3.1,69,0.00,,,0.00,13.345,WeatherBaga 2.3.1,2010-11-23 00:58:00,
2010-11-22 16:59:00,53.6,43.7,30.17,West,276,1.1,3.1,69,0.00,,,0.00,13.537,WeatherBaga 2.3.1,2010-11-23 00:59:00,
2010-11-22 17:01:00,53.4,43.5,30.17,SSW,202,1.5,3.1,69,0.00,,,0.00,12.896,WeatherBaga 2.3.1,2010-11-23 01:01:00,
2010-11-22 17:04:00,53.0,43.3,30.17,South,183,1.5,4.1,70,0.00,,,0.00,12.279,WeatherBaga 2.3.1,2010-11-23 01:04:00,
2010-11-22 17:06:00,52.8,43.2,30.17,WSW,240,0.5,4.1,70,0.00,,,0.00,11.880,WeatherBaga 2.3.1,2010-11-23 01:06:00,
2010-11-22 17:09:00,52.8,43.4,30.17,South,183,0.5,4.1,70,0.00,,,0.00,11.312,WeatherBaga 2.3.1,2010-11-23 01:09:00,
2010-11-22 17:11:00,52.7,43.8,30.17,SSE,157,0.3,4.1,72,0.00,,,0.00,11.273,WeatherBaga 2.3.1,2010-11-23 01:11:00,
2010-11-22 17:12:00,52.7,43.6,30.17,South,191,1.3,4.1,71,0.00,,,0.00,11.425,WeatherBaga 2.3.1,2010-11-23 01:12:00,
2010-11-22 17:14:00,52.5,43.7,30.17,SE,131,0.5,3.3,72,0.00,,,0.00,11.180,WeatherBaga 2.3.1,2010-11-23 01:14:00,
2010-11-22 17:16:00,52.3,43.8,30.17,SSW,195,0.3,3.3,73,0.00,,,0.00,10.996,WeatherBaga 2.3.1,2010-11-23 01:16:00,
2010-11-22 17:17:00,52.3,43.7,30.17,WSW,253,1.1,3.3,72,0.00,,,0.00,11.065,WeatherBaga 2.3.1,2010-11-23 01:17:00,
2010-11-22 17:19:00,52.1,43.5,30.17,SSW,200,1.4,3.3,73,0.00,,,0.00,10.959,WeatherBaga 2.3.1,2010-11-23 01:19:00,
2010-11-22 17:22:00,51.9,43.7,30.17,WSW,249,0.8,3.1,74,0.00,,,0.00,10.778,WeatherBaga 2.3.1,2010-11-23 01:22:00,
2010-11-22 17:23:00,51.9,43.8,30.17,SSW,208,1.0,2.9,74,0.00,,,0.00,11.091,WeatherBaga 2.3.1,2010-11-23 01:23:00,
2010-11-22 17:27:00,51.8,43.7,30.17,West,270,1.4,5.8,74,0.00,,,0.00,10.913,WeatherBaga 2.3.1,2010-11-23 01:27:00,
2010-11-22 17:29:00,51.8,43.7,30.16,South,172,1.5,5.8,74,0.00,,,0.00,10.841,WeatherBaga 2.3.1,2010-11-23 01:29:00,
2010-11-22 17:32:00,51.6,43.7,30.16,NW,306,2.1,5.8,74,0.00,,,0.00,11.055,WeatherBaga 2.3.1,2010-11-23 01:32:00,
2010-11-22 17:34:00,51.6,43.7,30.16,SSW,213,2.0,5.8,74,0.00,,,0.00,10.910,WeatherBaga 2.3.1,2010-11-23 01:34:00,
2010-11-22 17:37:00,51.6,43.9,30.16,East,92,0.6,3.2,75,0.00,,,0.00,11.062,WeatherBaga 2.3.1,2010-11-23 01:37:00,
2010-11-22 17:38:00,51.4,43.7,30.16,North,358,1.5,3.2,75,0.00,,,0.00,11.128,WeatherBaga 2.3.1,2010-11-23 01:38:00,
2010-11-22 17:39:00,51.4,43.7,30.16,WNW,291,1.0,3.2,75,0.00,,,0.00,11.065,WeatherBaga 2.3.1,2010-11-23 01:39:00,
2010-11-22 17:43:00,51.2,43.6,30.16,West,260,1.1,3.2,75,0.00,,,0.00,10.999,WeatherBaga 2.3.1,2010-11-23 01:43:00,
2010-11-22 17:48:00,51.2,44.0,30.17,WSW,244,0.9,3.9,76,0.00,,,0.00,11.101,WeatherBaga 2.3.1,2010-11-23 01:48:00,
2010-11-22 17:53:00,51.0,44.0,30.17,NNW,333,0.6,3.9,77,0.00,,,0.00,10.910,WeatherBaga 2.3.1,2010-11-23 01:53:00,
2010-11-22 17:54:00,51.0,43.9,30.17,NNE,29,0.8,2.9,76,0.00,,,0.00,11.085,WeatherBaga 2.3.1,2010-11-23 01:54:00,
2010-11-22 17:59:00,50.9,44.1,30.17,NW,320,1.6,2.6,78,0.00,,,0.00,10.831,WeatherBaga 2.3.1,2010-11-23 01:59:00,
2010-11-22 18:00:00,50.9,44.0,30.16,WSW,248,1.2,2.6,77,0.00,,,0.00,10.738,WeatherBaga 2.3.1,2010-11-23 02:00:00,
2010-11-22 18:01:00,50.9,44.1,30.16,SE,130,0.7,2.6,77,0.00,,,0.00,11.048,WeatherBaga 2.3.1,2010-11-23 02:01:00,
2010-11-22 18:05:00,50.9,44.1,30.17,NNW,338,1.0,2.6,77,0.00,,,0.00,10.989,WeatherBaga 2.3.1,2010-11-23 02:05:00,
2010-11-22 18:06:00,50.9,44.1,30.17,NNW,334,0.9,2.6,77,0.00,,,0.00,11.062,WeatherBaga 2.3.1,2010-11-23 02:06:00,
2010-11-22 18:11:00,51.0,44.4,30.17,WNW,290,0.8,1.8,78,0.00,,,0.00,10.982,WeatherBaga 2.3.1,2010-11-23 02:11:00,
2010-11-22 18:16:00,51.0,43.9,30.17,ESE,109,0.8,2.5,77,0.00,,,0.00,10.959,WeatherBaga 2.3.1,2010-11-23 02:16:00,
2010-11-22 18:21:00,51.2,44.3,30.17,ESE,108,0.4,2.4,77,0.00,,,0.00,11.085,WeatherBaga 2.3.1,2010-11-23 02:21:00,
2010-11-22 18:26:00,51.4,44.1,30.17,NNW,336,0.9,1.3,76,0.00,,,0.00,11.095,WeatherBaga 2.3.1,2010-11-23 02:26:00,
2010-11-22 18:27:00,51.4,44.2,30.17,North,8,1.0,1.3,76,0.00,,,0.00,11.075,WeatherBaga 2.3.1,2010-11-23 02:27:00,
2010-11-22 18:28:00,51.4,44.3,30.17,SE,126,0.4,1.3,77,0.00,,,0.00,10.837,WeatherBaga 2.3.1,2010-11-23 02:28:00,
2010-11-22 18:32:00,51.4,44.3,30.17,SSE,167,0.6,1.6,77,0.00,,,0.00,11.151,WeatherBaga 2.3.1,2010-11-23 02:32:00,
2010-11-22 18:33:00,51.4,43.9,30.17,East,101,0.9,2.3,76,0.00,,,0.00,11.088,WeatherBaga 2.3.1,2010-11-23 02:33:00,
2010-11-22 18:34:00,51.4,44.0,30.17,ENE,57,1.8,2.3,76,0.00,,,0.00,10.959,WeatherBaga 2.3.1,2010-11-23 02:34:00,
2010-11-22 18:38:00,51.4,43.9,30.17,SSE,160,0.4,2.3,76,0.00,,,0.00,10.969,WeatherBaga 2.3.1,2010-11-23 02:38:00,
2010-11-22 18:39:00,51.4,44.3,30.17,East,80,0.6,2.3,77,0.00,,,0.00,10.953,WeatherBaga 2.3.1,2010-11-23 02:39:00,
2010-11-22 18:40:00,51.4,44.2,30.17,North,4,0.8,2.3,76,0.00,,,0.00,11.025,WeatherBaga 2.3.1,2010-11-23 02:40:00,
2010-11-22 18:44:00,51.4,44.1,30.17,SSE,167,0.9,3.1,76,0.00,,,0.00,10.999,WeatherBaga 2.3.1,2010-11-23 02:44:00,
2010-11-22 18:45:00,51.4,44.0,30.17,SSE,163,0.4,3.1,76,0.00,,,0.00,11.114,WeatherBaga 2.3.1,2010-11-23 02:45:00,
2010-11-22 18:50:00,51.6,43.7,30.17,NNW,340,0.9,3.6,74,0.00,,,0.00,11.029,WeatherBaga 2.3.1,2010-11-23 02:50:00,
2010-11-22 18:51:00,51.6,43.4,30.17,ESE,113,0.8,3.6,74,0.00,,,0.00,10.913,WeatherBaga 2.3.1,2010-11-23 02:51:00,
2010-11-22 18:55:00,51.8,43.7,30.17,NE,51,2.4,3.6,74,0.00,,,0.00,11.058,WeatherBaga 2.3.1,2010-11-23 02:55:00,
2010-11-22 18:56:00,51.8,43.5,30.17,WNW,296,0.3,3.9,73,0.00,,,0.00,10.824,WeatherBaga 2.3.1,2010-11-23 02:56:00,
2010-11-22 19:01:00,51.8,43.4,30.17,NW,324,2.7,3.9,73,0.00,,,0.00,10.996,WeatherBaga 2.3.1,2010-11-23 03:01:00,
2010-11-22 19:06:00,51.9,43.4,30.17,NW,325,1.0,3.3,73,0.00,,,0.00,11.075,WeatherBaga 2.3.1,2010-11-23 03:06:00,
2010-11-22 19:11:00,51.9,43.4,30.17,SSW,204,0.3,3.3,73,0.00,,,0.00,11.058,WeatherBaga 2.3.1,2010-11-23 03:11:00,
2010-11-22 19:13:00,51.9,43.3,30.17,SSE,152,1.3,3.7,72,0.00,,,0.00,11.075,WeatherBaga 2.3.1,2010-11-23 03:13:00,
2010-11-22 19:16:00,52.1,43.7,30.17,SSW,196,1.3,3.7,73,0.00,,,0.00,11.111,WeatherBaga 2.3.1,2010-11-23 03:16:00,
2010-11-22 19:17:00,52.1,43.7,30.17,West,261,1.2,3.7,73,0.00,,,0.00,10.527,WeatherBaga 2.3.1,2010-11-23 03:17:00,
2010-11-22 19:22:00,52.1,43.4,30.16,North,355,1.1,3.7,72,0.00,,,0.00,11.078,WeatherBaga 2.3.1,2010-11-23 03:22:00,
2010-11-22 19:27:00,52.1,43.9,30.16,NE,47,0.4,3.4,74,0.00,,,0.00,10.837,WeatherBaga 2.3.1,2010-11-23 03:27:00,
2010-11-22 19:28:00,52.1,44.1,30.16,ENE,76,0.7,3.4,74,0.00,,,0.00,11.015,WeatherBaga 2.3.1,2010-11-23 03:28:00,
2010-11-22 21:30:00,51.4,44.6,30.16,ENE,77,0.4,1.2,78,0.00,,,0.00,11.180,WeatherBaga 2.3.1,2010-11-23 05:30:00,
2010-11-22 21:35:00,51.2,44.6,30.16,NE,41,0.8,1.2,78,0.00,,,0.00,11.190,WeatherBaga 2.3.1,2010-11-23 05:35:00,
2010-11-22 21:40:00,51.0,44.2,30.16,ESE,119,0.7,1.3,78,0.00,,,0.00,11.137,WeatherBaga 2.3.1,2010-11-23 05:40:00,
2010-11-22 21:45:00,50.9,44.6,30.15,SSE,150,1.4,1.8,79,0.00,,,0.00,11.121,WeatherBaga 2.3.1,2010-11-23 05:45:00,
2010-11-22 21:46:00,50.9,44.2,30.15,SSE,160,1.4,1.8,78,0.00,,,0.00,11.184,WeatherBaga 2.3.1,2010-11-23 05:46:00,
2010-11-22 21:51:00,51.0,45.0,30.15,ENE,73,0.4,1.8,80,0.00,,,0.00,11.045,WeatherBaga 2.3.1,2010-11-23 05:51:00,
2010-11-22 21:56:00,50.9,44.2,30.15,SE,144,1.5,1.6,78,0.00,,,0.00,10.834,WeatherBaga 2.3.1,2010-11-23 05:56:00,
2010-11-22 22:01:00,51.0,44.6,30.15,SE,144,1.5,1.6,79,0.00,,,0.00,10.916,WeatherBaga 2.3.1,2010-11-23 06:01:00,
2010-11-22 22:02:00,51.0,44.3,30.15,SE,139,1.6,1.7,78,0.00,,,0.00,10.916,WeatherBaga 2.3.1,2010-11-23 06:02:00,
2010-11-22 22:07:00,51.2,44.5,30.15,SE,142,1.0,2.0,78,0.00,,,0.00,11.147,WeatherBaga 2.3.1,2010-11-23 06:07:00,
2010-11-22 22:12:00,51.2,44.7,30.15,SSE,164,1.0,2.0,78,0.00,,,0.00,11.118,WeatherBaga 2.3.1,2010-11-23 06:12:00,
2010-11-22 22:17:00,51.0,44.7,30.15,SSE,164,0.9,2.6,79,0.00,,,0.00,11.048,WeatherBaga 2.3.1,2010-11-23 06:17:00,
2010-11-22 22:22:00,51.0,43.8,30.15,SE,125,1.7,2.9,76,0.00,,,0.00,11.045,WeatherBaga 2.3.1,2010-11-23 06:22:00,
2010-11-22 22:23:00,51.0,43.7,30.15,South,187,0.8,3.0,76,0.00,,,0.00,11.035,WeatherBaga 2.3.1,2010-11-23 06:23:00,
2010-11-22 22:27:00,51.2,43.6,30.15,SSE,150,2.2,3.0,75,0.00,,,0.00,11.058,WeatherBaga 2.3.1,2010-11-23 06:27:00,
2010-11-22 22:28:00,51.2,43.5,30.15,SSE,149,1.2,3.0,75,0.00,,,0.00,10.992,WeatherBaga 2.3.1,2010-11-23 06:28:00,
2010-11-22 22:29:00,51.2,43.3,30.15,SSE,156,0.5,3.0,74,0.00,,,0.00,11.147,WeatherBaga 2.3.1,2010-11-23 06:29:00,
2010-11-22 22:32:00,51.4,43.0,30.15,SE,140,1.5,3.1,73,0.00,,,0.00,11.075,WeatherBaga 2.3.1,2010-11-23 06:32:00,
2010-11-22 22:33:00,51.4,42.8,30.15,SSW,198,0.4,3.1,72,0.00,,,0.00,10.774,WeatherBaga 2.3.1,2010-11-23 06:33:00,
2010-11-22 22:34:00,51.6,43.9,30.15,SSE,156,1.4,3.1,75,0.00,,,0.00,11.223,WeatherBaga 2.3.1,2010-11-23 06:34:00,
2010-11-22 22:35:00,51.6,42.8,30.15,ESE,123,1.2,3.1,72,0.00,,,0.00,11.114,WeatherBaga 2.3.1,2010-11-23 06:35:00,
2010-11-22 22:38:00,51.9,42.7,30.15,SSE,153,2.3,3.5,71,0.00,,,0.00,10.956,WeatherBaga 2.3.1,2010-11-23 06:38:00,
2010-11-22 22:40:00,52.1,42.3,30.15,SE,143,4.4,5.7,69,0.00,,,0.00,11.108,WeatherBaga 2.3.1,2010-11-23 06:40:00,
2010-11-22 22:43:00,52.5,42.5,30.15,East,95,0.9,8.3,69,0.00,,,0.00,11.081,WeatherBaga 2.3.1,2010-11-23 06:43:00,
2010-11-22 22:48:00,52.3,42.4,30.15,SE,131,1.1,8.3,69,0.00,,,0.00,11.022,WeatherBaga 2.3.1,2010-11-23 06:48:00,
2010-11-22 22:53:00,52.3,42.3,30.14,SE,140,1.9,6.4,69,0.00,,,0.00,11.055,WeatherBaga 2.3.1,2010-11-23 06:53:00,
2010-11-22 22:54:00,52.3,42.3,30.14,SE,132,3.9,6.4,69,0.00,,,0.00,11.068,WeatherBaga 2.3.1,2010-11-23 06:54:00,
2010-11-22 22:59:00,52.5,42.7,30.14,South,180,1.5,6.4,69,0.00,,,0.00,10.847,WeatherBaga 2.3.1,2010-11-23 06:59:00,
2010-11-22 23:00:00,52.5,42.7,30.14,South,178,1.6,6.4,69,0.00,,,0.00,11.065,WeatherBaga 2.3.1,2010-11-23 07:00:00,
2010-11-22 23:04:00,52.7,42.9,30.14,ESE,113,3.6,7.0,69,0.00,,,0.00,11.081,WeatherBaga 2.3.1,2010-11-23 07:04:00,
2010-11-22 23:05:00,52.7,43.1,30.14,SSE,155,2.1,7.0,70,0.00,,,0.00,10.745,WeatherBaga 2.3.1,2010-11-23 07:05:00,
2010-11-22 23:06:00,52.7,43.1,30.14,SW,226,2.5,7.0,70,0.00,,,0.00,10.959,WeatherBaga 2.3.1,2010-11-23 07:06:00,
2010-11-22 23:09:00,52.7,43.2,30.14,SE,140,1.7,7.0,70,0.00,,,0.00,10.718,WeatherBaga 2.3.1,2010-11-23 07:09:00,
2010-11-22 23:11:00,52.7,43.2,30.14,SE,144,2.2,7.0,70,0.00,,,0.00,11.184,WeatherBaga 2.3.1,2010-11-23 07:11:00,
2010-11-22 23:14:00,52.7,43.2,30.14,SE,136,6.6,6.8,70,0.00,,,0.00,10.973,WeatherBaga 2.3.1,2010-11-23 07:14:00,
2010-11-22 23:16:00,52.7,43.3,30.14,SE,134,4.2,6.8,70,0.00,,,0.00,11.128,WeatherBaga 2.3.1,2010-11-23 07:16:00,
2010-11-22 23:18:00,52.7,43.4,30.14,SE,138,7.3,7.9,71,0.00,,,0.00,10.682,WeatherBaga 2.3.1,2010-11-23 07:18:00,
2010-11-22 23:21:00,52.7,43.7,30.14,South,184,3.2,7.9,72,0.00,,,0.00,11.104,WeatherBaga 2.3.1,2010-11-23 07:21:00,
2010-11-22 23:22:00,52.7,43.7,30.14,South,185,2.8,7.9,72,0.00,,,0.00,11.154,WeatherBaga 2.3.1,2010-11-23 07:22:00,
2010-11-22 23:27:00,52.3,44.1,30.14,South,173,1.6,7.9,74,0.00,,,0.00,11.085,WeatherBaga 2.3.1,2010-11-23 07:27:00,
2010-11-22 23:28:00,52.3,44.2,30.14,SE,139,2.8,6.1,74,0.00,,,0.00,10.966,WeatherBaga 2.3.1,2010-11-23 07:28:00,
2010-11-22 23:32:00,52.1,44.3,30.14,SW,218,3.2,9.7,75,0.00,,,0.00,11.157,WeatherBaga 2.3.1,2010-11-23 07:32:00,
2010-11-22 23:33:00,52.1,44.4,30.14,SW,215,1.2,9.7,75,0.00,,,0.00,11.128,WeatherBaga 2.3.1,2010-11-23 07:33:00,
2010-11-22 23:38:00,51.9,44.4,30.14,ESE,122,2.1,9.7,76,0.00,,,0.00,11.029,WeatherBaga 2.3.1,2010-11-23 07:38:00,
2010-11-22 23:43:00,51.8,44.4,30.14,SE,137,2.5,5.5,76,0.00,,,0.00,10.857,WeatherBaga 2.3.1,2010-11-23 07:43:00,
2010-11-22 23:44:00,51.8,44.4,30.14,SE,132,1.8,5.5,76,0.00,,,0.00,11.101,WeatherBaga 2.3.1,2010-11-23 07:44:00,
2010-11-22 23:48:00,51.8,44.8,30.14,SSE,148,1.8,5.5,77,0.00,,,0.00,11.124,WeatherBaga 2.3.1,2010-11-23 07:48:00,
2010-11-22 23:49:00,51.8,44.4,30.14,SSE,151,2.3,5.5,76,0.00,,,0.00,10.811,WeatherBaga 2.3.1,2010-11-23 07:49:00,
2010-11-22 23:54:00,51.9,44.6,30.14,South,175,1.2,5.2,76,0.00,,,0.00,11.111,WeatherBaga 2.3.1,2010-11-23 07:54:00,
2010-11-22 23:55:00,51.8,44.5,30.14,SSE,153,1.1,5.2,76,0.00,,,0.00,11.045,WeatherBaga 2.3.1,2010-11-23 07:55:00,
2010-11-22 23:56:00,51.8,44.4,30.14,SE,144,1.8,5.2,76,0.00,,,0.00,11.062,WeatherBaga 2.3.1,2010-11-23 07:56:00,
2010-11-22 23:59:00,51.8,44.4,30.14,SSE,151,3.8,5.2,76,0.00,,,0.00,11.065,WeatherBaga 2.3.1,2010-11-23 07:59:00,
